HIV-1_GroupM_SubtypeB_HXB2,0,99,54,91,161,243,86,238,136,132,168,229,133
HIV-1_GroupM_SubtypeC_ETH2220,99,0,96,103,186,243,96,247,160,149,187,239,153
HIV-1_GroupM_SubtypeD_NDK,54,96,0,82,157,248,80,244,138,133,162,232,140
HIV-1_GroupM_SubtypeG_SE6165,91,103,82,0,165,250,95,250,144,149,176,234,147
HIV-1_GroupO_ANT70,161,186,157,165,0,257,172,258,158,162,104,242,158
HIV-2_GroupA_ROD,243,243,248,250,257,0,246,109,249,243,251,83,247
HIV-1_GroupM_SubtypeA_Q23,86,96,80,95,172,246,0,242,149,139,173,233,146
HIV-2_GroupB_EHO,238,247,244,250,258,109,242,0,253,245,249,94,245
SIVcpz_Tanzania,136,160,138,144,158,249,149,253,0,134,154,240,111
HIV-1_GroupN_YBF30,132,149,133,149,162,243,139,245,134,0,159,233,137
SIVgor_Cameroon,168,187,162,176,104,251,173,249,154,159,0,236,150
SIVsm_SootyMangabey,229,239,232,234,242,83,233,94,240,233,236,0,241
SIVrcm_RedCapMangabey,133,153,140,147,158,247,146,245,111,137,150,241,0
