L0_SouthAfrica,0,71,75,71,70,68,66,70,64,68,69,71
L2_Mozambique,71,0,54,48,49,45,43,47,43,45,50,50
L3_Sudan,75,54,0,34,35,33,29,35,29,35,36,36
M_India,71,48,34,0,29,27,17,23,23,29,30,29
H_Italy,70,49,35,29,0,16,24,30,12,20,19,19
J_Finland,68,45,33,27,16,0,20,28,10,18,19,17
D_EastAsia,66,43,29,17,24,20,0,18,18,24,25,25
C_Americas,70,47,35,23,30,28,18,0,24,28,31,31
U_Poland,64,43,29,23,12,10,18,24,0,14,15,13
X_America,68,45,35,29,20,18,24,28,14,0,21,21
A_Americas,69,50,36,30,19,19,25,31,15,21,0,22
B_Pacific,71,50,36,29,19,17,25,31,13,21,22,0
